2 0.7361266136169433 0.2072681188583374 0.08099641799926757 0.2234480381011963
4 0.7119816303253174 0.5902242183685302 0.231673526763916 0.4940831184387207
4 0.5486539840698242 0.46541361808776854 0.16494140625 0.33388872146606446
4 0.15348570346832274 0.24482927322387696 0.07344231605529786 0.19550018310546874
4 0.34565014839172364 0.2359997272491455 0.05191259384155274 0.13104287385940552
4 0.2716667175292969 0.24019875526428222 0.061982917785644534 0.1539596676826477
0 0.8933698654174804 0.20715103149414063 0.21280078887939452 0.24705629348754882
4 0.6564269065856934 0.3495539665222168 0.07244586944580078 0.18887805938720703
4 0.6121371269226075 0.3969414710998535 0.07764739990234375 0.2539355278015137
4 0.6911121368408203 0.28991472721099854 0.03900966644287109 0.10944590568542481
