4 0.4020939826965332 0.4231761932373047 0.15712394714355468 0.3507461786270142
4 0.7074326992034912 0.46866788864135744 0.4116806983947754 0.8031005859375
0 0.8489030838012696 0.43280982971191406 0.07322063446044921 0.061083221435546876
2 0.7922509193420411 0.4344654083251953 0.02308235168457031 0.06500225067138672
4 0.2901491165161133 0.42046127319335935 0.10713033676147461 0.21049458980560304
2 0.33383471965789796 0.3976027727127075 0.028227567672729492 0.045289468765258786
0 0.5517444610595703 0.414075231552124 0.16811466217041016 0.17021665573120118
4 0.14859893321990966 0.4864989757537842 0.028295183181762697 0.057611274719238284
4 0.19932887554168702 0.4641730308532715 0.04409823417663574 0.0998748779296875
4 0.24023709297180176 0.44710369110107423 0.046657752990722653 0.1344700813293457
0 0.45652122497558595 0.4456193923950195 0.04699287414550781 0.1069141149520874
0 0.9354946136474609 0.429110050201416 0.12901086807250978 0.11484193801879883
4 0.1465643286705017 0.48693094253540037 0.040906667709350586 0.058184146881103516
