4 0.11837882995605468 0.2710599422454834 0.11332273483276367 0.22364592552185059
4 0.394602108001709 0.2766029119491577 0.10843925476074219 0.22570815086364746
4 0.27601563930511475 0.2719820499420166 0.1130147933959961 0.22538328170776367
4 0.6049835681915283 0.2628764629364014 0.09620828628540039 0.2150406837463379
4 0.736600399017334 0.26305787563323973 0.09316511154174804 0.21191468238830566
4 0.2772958755493164 0.474104642868042 0.058827972412109374 0.18896064758300782
4 0.8343421936035156 0.2643493890762329 0.11093325614929199 0.2194420337677002
4 0.12018084526062012 0.4678373336791992 0.05973038077354431 0.18089828491210938
4 0.3924448251724243 0.4759233474731445 0.05976567268371582 0.18650491237640382
4 0.8335353851318359 0.3614370584487915 0.11349520683288575 0.41442198753356935
